HISTÓRICO DE ÉPOCAS
====================================================================================================
Época    Pérdida      Precisión    Val Pérdida  Val Precisión Tiempo    
----------------------------------------------------------------------------------------------------
1        1.170845     0.7350       0.438562     1.0000       7.4879    
2        0.261044     1.0000       0.156242     1.0000       7.4842    
3        0.111184     1.0000       0.083457     1.0000       7.5015    
4        0.065636     1.0000       0.054468     1.0000       7.7113    
5        0.045175     1.0000       0.039544     1.0000       7.7493    
6        0.033835     1.0000       0.030652     1.0000       8.0323    
7        0.026782     1.0000       0.024815     1.0000       7.6094    
8        0.022014     1.0000       0.020729     1.0000       7.6190    
9        0.018594     1.0000       0.017722     1.0000       7.6209    
10       0.016037     1.0000       0.015427     1.0000       7.6150    
11       0.014053     1.0000       0.013621     1.0000       7.6262    
12       0.012477     1.0000       0.012170     1.0000       7.8675    
13       0.011203     1.0000       0.010981     1.0000       7.7055    
14       0.010145     1.0000       0.009989     1.0000       7.6566    
15       0.009258     1.0000       0.009150     1.0000       7.6312    
16       0.008504     1.0000       0.008432     1.0000       7.6645    
17       0.007856     1.0000       0.007812     1.0000       7.6330    
18       0.007294     1.0000       0.007271     1.0000       7.6564    
19       0.006802     1.0000       0.006795     1.0000       7.7327    
20       0.006367     1.0000       0.006374     1.0000       7.7507    
21       0.005982     1.0000       0.005999     1.0000       7.7684    
22       0.005638     1.0000       0.005664     1.0000       7.7803    
23       0.005328     1.0000       0.005361     1.0000       7.6564    
24       0.005050     1.0000       0.005087     1.0000       7.6375    
25       0.004796     1.0000       0.004839     1.0000       7.7143    
